[12] (0.9982891561306708)
[12, 16] (0.9764303330854276)
[12, 16, 17] (0.9763362660685572)
[12, 16, 17, 18] (0.9743520399314487)
[12, 16, 17, 18, 21] (0.8656693603148894)
[12, 16, 17, 18, 29] (0.8556335854525359)
[12, 16, 17, 18, 31] (0.9154219934564631)
[12, 16, 17, 21] (0.8674830899839204)
[12, 16, 17, 29] (0.8574972882242793)
[12, 16, 17, 31] (0.9171034413830204)
[12, 16, 18] (0.974446106948319)
[12, 16, 18, 21] (0.8657604877374825)
[12, 16, 18, 29] (0.8557276524694062)
[12, 16, 18, 31] (0.9154984229076703)
[12, 16, 21] (0.8675742174065135)
[12, 16, 29] (0.8575913552411496)
[12, 16, 31] (0.9171798708342275)
[12, 17] (0.9981950891138005)
[12, 17, 18] (0.996196165005306)
[12, 17, 18, 21] (0.8856586013998348)
[12, 17, 18, 29] (0.8760255509534574)
[12, 17, 18, 31] (0.9316573726494269)
[12, 17, 18, 43] (0.8533965542075883)
[12, 17, 21] (0.8874870290402519)
[12, 17, 29] (0.8779039516965869)
[12, 17, 31] (0.9333505789530929)
[12, 17, 43] (0.8550368478142647)
[12, 18] (0.9962902320221763)
[12, 18, 21] (0.885749728822428)
[12, 18, 29] (0.8761196179703278)
[12, 18, 31] (0.9317338021006341)
[12, 18, 43] (0.8534847420359042)
[12, 21] (0.887578156462845)
[12, 29] (0.8779980187134572)
[12, 31] (0.9334270084043)
[12, 43] (0.8551250356425806)
[16] (0.9771622920604498)
[16, 17] (0.9770682250435795)
[16, 17, 18] (0.9748164958272459)
[16, 17, 18, 21] (0.8660985410793602)
[16, 17, 18, 29] (0.8560480682456207)
[16, 17, 18, 31] (0.9158100199010533)
[16, 17, 21] (0.8681209819420723)
[16, 17, 29] (0.8581439989652628)
[16, 17, 31] (0.9176766622670739)
[16, 18] (0.9749105628441163)
[16, 18, 21] (0.8661896685019533)
[16, 18, 29] (0.856142135262491)
[16, 18, 31] (0.9158864493522604)
[16, 21] (0.8682121093646655)
[16, 29] (0.8582380659821331)
[16, 31] (0.917753091718281)
[17] (0.9999059329831297)
[17, 18] (0.9967076544095383)
[17, 18, 21] (0.8861318760784637)
[17, 18, 29] (0.8764841276607003)
[17, 18, 31] (0.9320777346310662)
[17, 18, 43] (0.8538433725377224)
[17, 21] (0.8889774033387912)
[17, 29] (0.879406084372235)
[17, 31] (0.9347557050175934)
[17, 43] (0.856497826170032)
[18] (0.9968017214264088)
[18, 21] (0.8862230035010568)
[18, 29] (0.8765781946775706)
[18, 31] (0.9321541640822734)
[18, 43] (0.8539315603660382)
[21] (0.8890685307613844)
[29] (0.8795001513891053)
[31] (0.9348321344688006)
[43] (0.856586013998348)
