[19] (0.9923472031025652)
[19, 37] (0.9847240108352946)
[19, 37, 55] (0.9771304231981882)
[19, 37, 55, 75] (0.9725121008925796)
[19, 37, 55, 75, 91] (0.971268706425685)
[19, 37, 55, 75, 109] (0.9712094971653566)
[19, 37, 55, 75, 127] (0.9711502879050283)
[19, 37, 55, 91] (0.9758870287312936)
[19, 37, 55, 91, 109] (0.9745844250040706)
[19, 37, 55, 91, 109, 127] (0.9732226120165194)
[19, 37, 55, 91, 127] (0.9745252157437423)
[19, 37, 55, 109] (0.9758278194709653)
[19, 37, 55, 109, 127] (0.974466006483414)
[19, 37, 55, 127] (0.975768610210637)
[19, 37, 75] (0.980105688529686)
[19, 37, 75, 88] (0.9707950323430584)
[19, 37, 75, 88, 91] (0.9707950323430584)
[19, 37, 75, 91] (0.9788622940627915)
[19, 37, 75, 91, 109] (0.9775596903355684)
[19, 37, 75, 91, 109, 127] (0.9761978773480172)
[19, 37, 75, 91, 127] (0.9775004810752401)
[19, 37, 75, 109] (0.9788030848024631)
[19, 37, 75, 109, 127] (0.9774412718149118)
[19, 37, 75, 127] (0.9787438755421348)
[19, 37, 88] (0.9754133546486671)
[19, 37, 88, 91] (0.9754133546486671)
[19, 37, 88, 91, 109] (0.9741107509214442)
[19, 37, 88, 91, 109, 127] (0.9727489379338928)
[19, 37, 88, 91, 127] (0.9740515416611158)
[19, 37, 88, 109] (0.9741107509214442)
[19, 37, 88, 109, 127] (0.9727489379338928)
[19, 37, 88, 127] (0.9740515416611158)
[19, 37, 91] (0.9834806163684)
[19, 37, 91, 106] (0.9725565078378259)
[19, 37, 91, 106, 109] (0.9725565078378259)
[19, 37, 91, 106, 109, 127] (0.9711946948502745)
[19, 37, 91, 106, 127] (0.9711946948502745)
[19, 37, 91, 109] (0.9821780126411771)
[19, 37, 91, 109, 127] (0.9808161996536259)
[19, 37, 91, 124] (0.9709430554938793)
[19, 37, 91, 124, 127] (0.9709430554938793)
[19, 37, 91, 127] (0.9821188033808488)
[19, 37, 106] (0.9737999023047205)
[19, 37, 106, 109] (0.9737999023047205)
[19, 37, 106, 109, 127] (0.9724380893171692)
[19, 37, 106, 127] (0.9724380893171692)
[19, 37, 109] (0.9834214071080717)
[19, 37, 109, 124] (0.970883846233551)
[19, 37, 109, 124, 127] (0.970883846233551)
[19, 37, 109, 127] (0.9820595941205205)
[19, 37, 124] (0.9721864499607739)
[19, 37, 124, 127] (0.9721864499607739)
[19, 37, 127] (0.9833621978477434)
[19, 55] (0.9847536154654588)
[19, 55, 75] (0.9801352931598502)
[19, 55, 75, 88] (0.9708246369732226)
[19, 55, 75, 88, 91] (0.9708246369732226)
[19, 55, 75, 91] (0.9788918986929556)
[19, 55, 75, 91, 109] (0.9775892949657327)
[19, 55, 75, 91, 109, 127] (0.9762274819781814)
[19, 55, 75, 91, 127] (0.9775300857054043)
[19, 55, 75, 109] (0.9788326894326272)
[19, 55, 75, 109, 127] (0.977470876445076)
[19, 55, 75, 127] (0.9787734801722989)
[19, 55, 88] (0.9754429592788312)
[19, 55, 88, 91] (0.9754429592788312)
[19, 55, 88, 91, 109] (0.9741403555516083)
[19, 55, 88, 91, 109, 127] (0.972778542564057)
[19, 55, 88, 91, 127] (0.97408114629128)
[19, 55, 88, 109] (0.9741403555516083)
[19, 55, 88, 109, 127] (0.972778542564057)
[19, 55, 88, 127] (0.97408114629128)
[19, 55, 91] (0.9835102209985642)
[19, 55, 91, 106] (0.97258611246799)
[19, 55, 91, 106, 109] (0.97258611246799)
[19, 55, 91, 106, 109, 127] (0.9712242994804388)
[19, 55, 91, 106, 127] (0.9712242994804388)
[19, 55, 91, 109] (0.9822076172713412)
[19, 55, 91, 109, 127] (0.98084580428379)
[19, 55, 91, 124] (0.9709726601240434)
[19, 55, 91, 124, 127] (0.9709726601240434)
[19, 55, 91, 127] (0.9821484080110129)
[19, 55, 106] (0.9738295069348846)
[19, 55, 106, 109] (0.9738295069348846)
[19, 55, 106, 109, 127] (0.9724676939473333)
[19, 55, 106, 127] (0.9724676939473333)
[19, 55, 109] (0.9834510117382359)
[19, 55, 109, 124] (0.970913450863715)
[19, 55, 109, 124, 127] (0.970913450863715)
[19, 55, 109, 127] (0.9820891987506846)
[19, 55, 124] (0.9722160545909381)
[19, 55, 124, 127] (0.9722160545909381)
[19, 55, 127] (0.9833918024779076)
[19, 75] (0.9877288807969566)
[19, 75, 88] (0.978418224610329)
[19, 75, 88, 91] (0.978418224610329)
[19, 75, 88, 91, 109] (0.9771156208831061)
[19, 75, 88, 91, 109, 127] (0.9757538078955549)
[19, 75, 88, 91, 127] (0.9770564116227778)
[19, 75, 88, 109] (0.9771156208831061)
[19, 75, 88, 109, 127] (0.9757538078955549)
[19, 75, 88, 127] (0.9770564116227778)
[19, 75, 91] (0.9864854863300621)
[19, 75, 91, 106] (0.9755613777994878)
[19, 75, 91, 106, 109] (0.9755613777994878)
[19, 75, 91, 106, 109, 127] (0.9741995648119366)
[19, 75, 91, 106, 127] (0.9741995648119366)
[19, 75, 91, 109] (0.985182882602839)
[19, 75, 91, 109, 124] (0.9726453217283183)
[19, 75, 91, 109, 124, 127] (0.9726453217283183)
[19, 75, 91, 109, 127] (0.9838210696152878)
[19, 75, 91, 124] (0.9739479254555412)
[19, 75, 91, 124, 127] (0.9739479254555412)
[19, 75, 91, 127] (0.9851236733425107)
[19, 75, 106] (0.9768047722663825)
[19, 75, 106, 109] (0.9768047722663825)
[19, 75, 106, 109, 127] (0.9754429592788312)
[19, 75, 106, 127] (0.9754429592788312)
[19, 75, 109] (0.9864262770697337)
[19, 75, 109, 124] (0.9738887161952129)
[19, 75, 109, 124, 127] (0.9738887161952129)
[19, 75, 109, 127] (0.9850644640821824)
[19, 75, 124] (0.9751913199224359)
[19, 75, 124, 127] (0.9751913199224359)
[19, 75, 127] (0.9863670678094054)
[19, 88] (0.9830365469159377)
[19, 88, 91] (0.9830365469159377)
[19, 88, 91, 106] (0.9721124383853634)
[19, 88, 91, 106, 109] (0.9721124383853634)
[19, 88, 91, 106, 109, 127] (0.9707506253978122)
[19, 88, 91, 106, 127] (0.9707506253978122)
[19, 88, 91, 109] (0.9817339431887148)
[19, 88, 91, 109, 127] (0.9803721302011634)
[19, 88, 91, 124] (0.9704989860414168)
[19, 88, 91, 124, 127] (0.9704989860414168)
[19, 88, 91, 127] (0.9816747339283864)
[19, 88, 106] (0.9721124383853634)
[19, 88, 106, 109] (0.9721124383853634)
[19, 88, 106, 109, 127] (0.9707506253978122)
[19, 88, 106, 127] (0.9707506253978122)
[19, 88, 109] (0.9817339431887148)
[19, 88, 109, 127] (0.9803721302011634)
[19, 88, 124] (0.9704989860414168)
[19, 88, 124, 127] (0.9704989860414168)
[19, 88, 127] (0.9816747339283864)
[19, 91] (0.9911038086356706)
[19, 91, 106] (0.9801797001050965)
[19, 91, 106, 109] (0.9801797001050965)
[19, 91, 106, 109, 127] (0.9788178871175451)
[19, 91, 106, 127] (0.9788178871175451)
[19, 91, 109] (0.9898012049084477)
[19, 91, 109, 124] (0.977263644033927)
[19, 91, 109, 124, 127] (0.977263644033927)
[19, 91, 109, 127] (0.9884393919208965)
[19, 91, 124] (0.9785662477611499)
[19, 91, 124, 127] (0.9785662477611499)
[19, 91, 127] (0.9897419956481194)
[19, 106] (0.9814230945719911)
[19, 106, 109] (0.9814230945719911)
[19, 106, 109, 127] (0.9800612815844398)
[19, 106, 127] (0.9800612815844398)
[19, 109] (0.9910445993753423)
[19, 109, 124] (0.9785070385008215)
[19, 109, 124, 127] (0.9785070385008215)
[19, 109, 127] (0.9896827863877911)
[19, 124] (0.9798096422280445)
[19, 124, 127] (0.9798096422280445)
[19, 127] (0.990985390115014)
[37] (0.9923768077327294)
[37, 55] (0.9847832200956229)
[37, 55, 75] (0.9801648977900144)
[37, 55, 75, 88] (0.9708542416033867)
[37, 55, 75, 88, 91] (0.9708542416033867)
[37, 55, 75, 91] (0.9789215033231198)
[37, 55, 75, 91, 109] (0.9776188995958968)
[37, 55, 75, 91, 109, 127] (0.9762570866083455)
[37, 55, 75, 91, 127] (0.9775596903355684)
[37, 55, 75, 109] (0.9788622940627915)
[37, 55, 75, 109, 127] (0.9775004810752401)
[37, 55, 75, 127] (0.9788030848024631)
[37, 55, 88] (0.9754725639089954)
[37, 55, 88, 91] (0.9754725639089954)
[37, 55, 88, 91, 109] (0.9741699601817724)
[37, 55, 88, 91, 109, 127] (0.9728081471942212)
[37, 55, 88, 91, 127] (0.9741107509214442)
[37, 55, 88, 109] (0.9741699601817724)
[37, 55, 88, 109, 127] (0.9728081471942212)
[37, 55, 88, 127] (0.9741107509214442)
[37, 55, 91] (0.9835398256287283)
[37, 55, 91, 106] (0.9726157170981542)
[37, 55, 91, 106, 109] (0.9726157170981542)
[37, 55, 91, 106, 109, 127] (0.9712539041106029)
[37, 55, 91, 106, 127] (0.9712539041106029)
[37, 55, 91, 109] (0.9822372219015054)
[37, 55, 91, 109, 127] (0.9808754089139542)
[37, 55, 91, 124] (0.9710022647542076)
[37, 55, 91, 124, 127] (0.9710022647542076)
[37, 55, 91, 127] (0.9821780126411771)
[37, 55, 106] (0.9738591115650488)
[37, 55, 106, 109] (0.9738591115650488)
[37, 55, 106, 109, 127] (0.9724972985774976)
[37, 55, 106, 127] (0.9724972985774976)
[37, 55, 109] (0.9834806163684)
[37, 55, 109, 124] (0.9709430554938793)
[37, 55, 109, 124, 127] (0.9709430554938793)
[37, 55, 109, 127] (0.9821188033808488)
[37, 55, 124] (0.9722456592211022)
[37, 55, 124, 127] (0.9722456592211022)
[37, 55, 127] (0.9834214071080717)
[37, 75] (0.9877584854271207)
[37, 75, 88] (0.9784478292404932)
[37, 75, 88, 91] (0.9784478292404932)
[37, 75, 88, 91, 109] (0.9771452255132703)
[37, 75, 88, 91, 109, 127] (0.975783412525719)
[37, 75, 88, 91, 127] (0.977086016252942)
[37, 75, 88, 109] (0.9771452255132703)
[37, 75, 88, 109, 127] (0.975783412525719)
[37, 75, 88, 127] (0.977086016252942)
[37, 75, 91] (0.9865150909602262)
[37, 75, 91, 106] (0.975590982429652)
[37, 75, 91, 106, 109] (0.975590982429652)
[37, 75, 91, 106, 109, 127] (0.9742291694421007)
[37, 75, 91, 106, 127] (0.9742291694421007)
[37, 75, 91, 109] (0.9852124872330033)
[37, 75, 91, 109, 124] (0.9726749263584825)
[37, 75, 91, 109, 124, 127] (0.9726749263584825)
[37, 75, 91, 109, 127] (0.983850674245452)
[37, 75, 91, 124] (0.9739775300857054)
[37, 75, 91, 124, 127] (0.9739775300857054)
[37, 75, 91, 127] (0.9851532779726749)
[37, 75, 106] (0.9768343768965466)
[37, 75, 106, 109] (0.9768343768965466)
[37, 75, 106, 109, 127] (0.9754725639089954)
[37, 75, 106, 127] (0.9754725639089954)
[37, 75, 109] (0.9864558816998978)
[37, 75, 109, 124] (0.9739183208253771)
[37, 75, 109, 124, 127] (0.9739183208253771)
[37, 75, 109, 127] (0.9850940687123466)
[37, 75, 124] (0.9752209245526)
[37, 75, 124, 127] (0.9752209245526)
[37, 75, 127] (0.9863966724395695)
[37, 88] (0.9830661515461018)
[37, 88, 91] (0.9830661515461018)
[37, 88, 91, 106] (0.9721420430155276)
[37, 88, 91, 106, 109] (0.9721420430155276)
[37, 88, 91, 106, 109, 127] (0.9707802300279764)
[37, 88, 91, 106, 127] (0.9707802300279764)
[37, 88, 91, 109] (0.9817635478188789)
[37, 88, 91, 109, 127] (0.9804017348313276)
[37, 88, 91, 124] (0.970528590671581)
[37, 88, 91, 124, 127] (0.970528590671581)
[37, 88, 91, 127] (0.9817043385585505)
[37, 88, 106] (0.9721420430155276)
[37, 88, 106, 109] (0.9721420430155276)
[37, 88, 106, 109, 127] (0.9707802300279764)
[37, 88, 106, 127] (0.9707802300279764)
[37, 88, 109] (0.9817635478188789)
[37, 88, 109, 127] (0.9804017348313276)
[37, 88, 124] (0.970528590671581)
[37, 88, 124, 127] (0.970528590671581)
[37, 88, 127] (0.9817043385585505)
[37, 91] (0.9911334132658348)
[37, 91, 106] (0.9802093047352606)
[37, 91, 106, 109] (0.9802093047352606)
[37, 91, 106, 109, 127] (0.9788474917477094)
[37, 91, 106, 127] (0.9788474917477094)
[37, 91, 109] (0.9898308095386118)
[37, 91, 109, 124] (0.9772932486640911)
[37, 91, 109, 124, 127] (0.9772932486640911)
[37, 91, 109, 127] (0.9884689965510606)
[37, 91, 124] (0.978595852391314)
[37, 91, 124, 127] (0.978595852391314)
[37, 91, 127] (0.9897716002782835)
[37, 106] (0.9814526992021552)
[37, 106, 109] (0.9814526992021552)
[37, 106, 109, 127] (0.9800908862146039)
[37, 106, 127] (0.9800908862146039)
[37, 109] (0.9910742040055065)
[37, 109, 124] (0.9785366431309857)
[37, 109, 124, 127] (0.9785366431309857)
[37, 109, 127] (0.9897123910179552)
[37, 124] (0.9798392468582087)
[37, 124, 127] (0.9798392468582087)
[37, 127] (0.9910149947451782)
[55] (0.9924064123628935)
[55, 75] (0.987788090057285)
[55, 75, 88] (0.9784774338706573)
[55, 75, 88, 91] (0.9784774338706573)
[55, 75, 88, 91, 109] (0.9771748301434344)
[55, 75, 88, 91, 109, 127] (0.9758130171558832)
[55, 75, 88, 91, 127] (0.9771156208831061)
[55, 75, 88, 109] (0.9771748301434344)
[55, 75, 88, 109, 127] (0.9758130171558832)
[55, 75, 88, 127] (0.9771156208831061)
[55, 75, 91] (0.9865446955903904)
[55, 75, 91, 106] (0.9756205870598161)
[55, 75, 91, 106, 109] (0.9756205870598161)
[55, 75, 91, 106, 109, 127] (0.9742587740722649)
[55, 75, 91, 106, 127] (0.9742587740722649)
[55, 75, 91, 109] (0.9852420918631674)
[55, 75, 91, 109, 124] (0.9727045309886466)
[55, 75, 91, 109, 124, 127] (0.9727045309886466)
[55, 75, 91, 109, 127] (0.9838802788756161)
[55, 75, 91, 124] (0.9740071347158695)
[55, 75, 91, 124, 127] (0.9740071347158695)
[55, 75, 91, 127] (0.985182882602839)
[55, 75, 106] (0.9768639815267107)
[55, 75, 106, 109] (0.9768639815267107)
[55, 75, 106, 109, 127] (0.9755021685391595)
[55, 75, 106, 127] (0.9755021685391595)
[55, 75, 109] (0.9864854863300621)
[55, 75, 109, 124] (0.9739479254555412)
[55, 75, 109, 124, 127] (0.9739479254555412)
[55, 75, 109, 127] (0.9851236733425107)
[55, 75, 124] (0.9752505291827642)
[55, 75, 124, 127] (0.9752505291827642)
[55, 75, 127] (0.9864262770697337)
[55, 88] (0.983095756176266)
[55, 88, 91] (0.983095756176266)
[55, 88, 91, 106] (0.9721716476456917)
[55, 88, 91, 106, 109] (0.9721716476456917)
[55, 88, 91, 106, 109, 127] (0.9708098346581405)
[55, 88, 91, 106, 127] (0.9708098346581405)
[55, 88, 91, 109] (0.9817931524490431)
[55, 88, 91, 109, 127] (0.9804313394614917)
[55, 88, 91, 124] (0.9705581953017451)
[55, 88, 91, 124, 127] (0.9705581953017451)
[55, 88, 91, 127] (0.9817339431887148)
[55, 88, 106] (0.9721716476456917)
[55, 88, 106, 109] (0.9721716476456917)
[55, 88, 106, 109, 127] (0.9708098346581405)
[55, 88, 106, 127] (0.9708098346581405)
[55, 88, 109] (0.9817931524490431)
[55, 88, 109, 127] (0.9804313394614917)
[55, 88, 124] (0.9705581953017451)
[55, 88, 124, 127] (0.9705581953017451)
[55, 88, 127] (0.9817339431887148)
[55, 91] (0.9911630178959989)
[55, 91, 106] (0.9802389093654248)
[55, 91, 106, 109] (0.9802389093654248)
[55, 91, 106, 109, 127] (0.9788770963778735)
[55, 91, 106, 127] (0.9788770963778735)
[55, 91, 109] (0.989860414168776)
[55, 91, 109, 124] (0.9773228532942552)
[55, 91, 109, 124, 127] (0.9773228532942552)
[55, 91, 109, 127] (0.9884986011812248)
[55, 91, 124] (0.9786254570214782)
[55, 91, 124, 127] (0.9786254570214782)
[55, 91, 127] (0.9898012049084477)
[55, 106] (0.9814823038323194)
[55, 106, 109] (0.9814823038323194)
[55, 106, 109, 127] (0.9801204908447682)
[55, 106, 127] (0.9801204908447682)
[55, 109] (0.9911038086356706)
[55, 109, 124] (0.9785662477611499)
[55, 109, 124, 127] (0.9785662477611499)
[55, 109, 127] (0.9897419956481194)
[55, 124] (0.9798688514883728)
[55, 124, 127] (0.9798688514883728)
[55, 127] (0.9910445993753423)
[72] (0.9775596903355684)
[72, 75] (0.9775596903355684)
[72, 75, 91] (0.9763162958686739)
[72, 75, 91, 109] (0.975013692141451)
[72, 75, 91, 109, 127] (0.9736518791538997)
[72, 75, 91, 127] (0.9749544828811226)
[72, 75, 109] (0.9762570866083455)
[72, 75, 109, 127] (0.9748952736207943)
[72, 75, 127] (0.9761978773480172)
[72, 91] (0.9763162958686739)
[72, 91, 109] (0.975013692141451)
[72, 91, 109, 127] (0.9736518791538997)
[72, 91, 127] (0.9749544828811226)
[72, 109] (0.9762570866083455)
[72, 109, 127] (0.9748952736207943)
[72, 127] (0.9761978773480172)
[75] (0.9953816776943915)
[75, 88] (0.9860710215077638)
[75, 88, 91] (0.9860710215077638)
[75, 88, 91, 106] (0.9751469129771896)
[75, 88, 91, 106, 109] (0.9751469129771896)
[75, 88, 91, 106, 109, 127] (0.9737850999896384)
[75, 88, 91, 106, 127] (0.9737850999896384)
[75, 88, 91, 109] (0.9847684177805409)
[75, 88, 91, 109, 124] (0.9722308569060201)
[75, 88, 91, 109, 124, 127] (0.9722308569060201)
[75, 88, 91, 109, 127] (0.9834066047929896)
[75, 88, 91, 124] (0.9735334606332431)
[75, 88, 91, 124, 127] (0.9735334606332431)
[75, 88, 91, 127] (0.9847092085202126)
[75, 88, 106] (0.9751469129771896)
[75, 88, 106, 109] (0.9751469129771896)
[75, 88, 106, 109, 127] (0.9737850999896384)
[75, 88, 106, 127] (0.9737850999896384)
[75, 88, 109] (0.9847684177805409)
[75, 88, 109, 124] (0.9722308569060201)
[75, 88, 109, 124, 127] (0.9722308569060201)
[75, 88, 109, 127] (0.9834066047929896)
[75, 88, 124] (0.9735334606332431)
[75, 88, 124, 127] (0.9735334606332431)
[75, 88, 127] (0.9847092085202126)
[75, 91] (0.9941382832274968)
[75, 91, 106] (0.9832141746969226)
[75, 91, 106, 109] (0.9832141746969226)
[75, 91, 106, 109, 124] (0.9706766138224018)
[75, 91, 106, 109, 124, 127] (0.9706766138224018)
[75, 91, 106, 109, 127] (0.9818523617093713)
[75, 91, 106, 124] (0.9706766138224018)
[75, 91, 106, 124, 127] (0.9706766138224018)
[75, 91, 106, 127] (0.9818523617093713)
[75, 91, 109] (0.9928356795002738)
[75, 91, 109, 124] (0.9802981186257531)
[75, 91, 109, 124, 127] (0.9802981186257531)
[75, 91, 109, 127] (0.9914738665127226)
[75, 91, 124] (0.981600722352976)
[75, 91, 124, 127] (0.981600722352976)
[75, 91, 127] (0.9927764702399455)
[75, 106] (0.9844575691638172)
[75, 106, 109] (0.9844575691638172)
[75, 106, 109, 124] (0.9719200082892965)
[75, 106, 109, 124, 127] (0.9719200082892965)
[75, 106, 109, 127] (0.983095756176266)
[75, 106, 124] (0.9719200082892965)
[75, 106, 124, 127] (0.9719200082892965)
[75, 106, 127] (0.983095756176266)
[75, 109] (0.9940790739671684)
[75, 109, 124] (0.9815415130926477)
[75, 109, 124, 127] (0.9815415130926477)
[75, 109, 127] (0.9927172609796172)
[75, 124] (0.9828441168198706)
[75, 124, 127] (0.9828441168198706)
[75, 127] (0.9940198647068401)
[88] (0.9906893438133724)
[88, 91] (0.9906893438133724)
[88, 91, 106] (0.9797652352827982)
[88, 91, 106, 109] (0.9797652352827982)
[88, 91, 106, 109, 127] (0.978403422295247)
[88, 91, 106, 127] (0.978403422295247)
[88, 91, 109] (0.9893867400861495)
[88, 91, 109, 124] (0.9768491792116287)
[88, 91, 109, 124, 127] (0.9768491792116287)
[88, 91, 109, 127] (0.9880249270985982)
[88, 91, 124] (0.9781517829388516)
[88, 91, 124, 127] (0.9781517829388516)
[88, 91, 127] (0.9893275308258211)
[88, 106] (0.9797652352827982)
[88, 106, 109] (0.9797652352827982)
[88, 106, 109, 127] (0.978403422295247)
[88, 106, 127] (0.978403422295247)
[88, 109] (0.9893867400861495)
[88, 109, 124] (0.9768491792116287)
[88, 109, 124, 127] (0.9768491792116287)
[88, 109, 127] (0.9880249270985982)
[88, 124] (0.9781517829388516)
[88, 124, 127] (0.9781517829388516)
[88, 127] (0.9893275308258211)
[91] (0.9987566055331054)
[91, 106] (0.9878324970025312)
[91, 106, 109] (0.9878324970025312)
[91, 106, 109, 124] (0.9752949361280104)
[91, 106, 109, 124, 127] (0.9752949361280104)
[91, 106, 109, 127] (0.98647068401498)
[91, 106, 124] (0.9752949361280104)
[91, 106, 124, 127] (0.9752949361280104)
[91, 106, 127] (0.98647068401498)
[91, 109] (0.9974540018058824)
[91, 109, 124] (0.9849164409313617)
[91, 109, 124, 127] (0.9849164409313617)
[91, 109, 127] (0.9960921888183312)
[91, 124] (0.9862190446585846)
[91, 124, 127] (0.9862190446585846)
[91, 127] (0.9973947925455541)
[106] (0.9890758914694259)
[106, 109] (0.9890758914694259)
[106, 109, 124] (0.976538330594905)
[106, 109, 124, 127] (0.976538330594905)
[106, 109, 127] (0.9877140784818745)
[106, 124] (0.976538330594905)
[106, 124, 127] (0.976538330594905)
[106, 127] (0.9877140784818745)
[109] (0.9986973962727771)
[109, 124] (0.9861598353982562)
[109, 124, 127] (0.9861598353982562)
[109, 127] (0.9973355832852258)
[124] (0.9874624391254793)
[124, 127] (0.9874624391254793)
[127] (0.9986381870124488)
