[19] (0.9923472031025652)
[19, 37] (0.9847240108352946)
[19, 37, 75] (0.980105688529686)
[19, 37, 91] (0.9834806163684)
[19, 37, 91, 109] (0.9821780126411771)
[19, 37, 91, 109, 127] (0.9808161996536259)
[19, 37, 91, 127] (0.9821188033808488)
[19, 37, 109] (0.9834214071080717)
[19, 37, 109, 127] (0.9820595941205205)
[19, 37, 127] (0.9833621978477434)
[19, 55] (0.9847536154654588)
[19, 55, 75] (0.9801352931598502)
[19, 55, 91] (0.9835102209985642)
[19, 55, 91, 109] (0.9822076172713412)
[19, 55, 91, 109, 127] (0.98084580428379)
[19, 55, 91, 127] (0.9821484080110129)
[19, 55, 109] (0.9834510117382359)
[19, 55, 109, 127] (0.9820891987506846)
[19, 55, 127] (0.9833918024779076)
[19, 75] (0.9877288807969566)
[19, 75, 91] (0.9864854863300621)
[19, 75, 91, 109] (0.985182882602839)
[19, 75, 91, 109, 127] (0.9838210696152878)
[19, 75, 91, 127] (0.9851236733425107)
[19, 75, 109] (0.9864262770697337)
[19, 75, 109, 127] (0.9850644640821824)
[19, 75, 127] (0.9863670678094054)
[19, 88] (0.9830365469159377)
[19, 88, 91] (0.9830365469159377)
[19, 88, 91, 109] (0.9817339431887148)
[19, 88, 91, 109, 127] (0.9803721302011634)
[19, 88, 91, 127] (0.9816747339283864)
[19, 88, 109] (0.9817339431887148)
[19, 88, 109, 127] (0.9803721302011634)
[19, 88, 127] (0.9816747339283864)
[19, 91] (0.9911038086356706)
[19, 91, 106] (0.9801797001050965)
[19, 91, 106, 109] (0.9801797001050965)
[19, 91, 109] (0.9898012049084477)
[19, 91, 109, 127] (0.9884393919208965)
[19, 91, 127] (0.9897419956481194)
[19, 106] (0.9814230945719911)
[19, 106, 109] (0.9814230945719911)
[19, 106, 109, 127] (0.9800612815844398)
[19, 106, 127] (0.9800612815844398)
[19, 109] (0.9910445993753423)
[19, 109, 127] (0.9896827863877911)
[19, 127] (0.990985390115014)
[37] (0.9923768077327294)
[37, 55] (0.9847832200956229)
[37, 55, 75] (0.9801648977900144)
[37, 55, 91] (0.9835398256287283)
[37, 55, 91, 109] (0.9822372219015054)
[37, 55, 91, 109, 127] (0.9808754089139542)
[37, 55, 91, 127] (0.9821780126411771)
[37, 55, 109] (0.9834806163684)
[37, 55, 109, 127] (0.9821188033808488)
[37, 55, 127] (0.9834214071080717)
[37, 75] (0.9877584854271207)
[37, 75, 91] (0.9865150909602262)
[37, 75, 91, 109] (0.9852124872330033)
[37, 75, 91, 109, 127] (0.983850674245452)
[37, 75, 91, 127] (0.9851532779726749)
[37, 75, 109] (0.9864558816998978)
[37, 75, 109, 127] (0.9850940687123466)
[37, 75, 127] (0.9863966724395695)
[37, 88] (0.9830661515461018)
[37, 88, 91] (0.9830661515461018)
[37, 88, 91, 109] (0.9817635478188789)
[37, 88, 91, 109, 127] (0.9804017348313276)
[37, 88, 91, 127] (0.9817043385585505)
[37, 88, 109] (0.9817635478188789)
[37, 88, 109, 127] (0.9804017348313276)
[37, 88, 127] (0.9817043385585505)
[37, 91] (0.9911334132658348)
[37, 91, 106] (0.9802093047352606)
[37, 91, 106, 109] (0.9802093047352606)
[37, 91, 109] (0.9898308095386118)
[37, 91, 109, 127] (0.9884689965510606)
[37, 91, 127] (0.9897716002782835)
[37, 106] (0.9814526992021552)
[37, 106, 109] (0.9814526992021552)
[37, 106, 109, 127] (0.9800908862146039)
[37, 106, 127] (0.9800908862146039)
[37, 109] (0.9910742040055065)
[37, 109, 127] (0.9897123910179552)
[37, 127] (0.9910149947451782)
[55] (0.9924064123628935)
[55, 75] (0.987788090057285)
[55, 75, 91] (0.9865446955903904)
[55, 75, 91, 109] (0.9852420918631674)
[55, 75, 91, 109, 127] (0.9838802788756161)
[55, 75, 91, 127] (0.985182882602839)
[55, 75, 109] (0.9864854863300621)
[55, 75, 109, 127] (0.9851236733425107)
[55, 75, 127] (0.9864262770697337)
[55, 88] (0.983095756176266)
[55, 88, 91] (0.983095756176266)
[55, 88, 91, 109] (0.9817931524490431)
[55, 88, 91, 109, 127] (0.9804313394614917)
[55, 88, 91, 127] (0.9817339431887148)
[55, 88, 109] (0.9817931524490431)
[55, 88, 109, 127] (0.9804313394614917)
[55, 88, 127] (0.9817339431887148)
[55, 91] (0.9911630178959989)
[55, 91, 106] (0.9802389093654248)
[55, 91, 106, 109] (0.9802389093654248)
[55, 91, 109] (0.989860414168776)
[55, 91, 109, 127] (0.9884986011812248)
[55, 91, 127] (0.9898012049084477)
[55, 106] (0.9814823038323194)
[55, 106, 109] (0.9814823038323194)
[55, 106, 109, 127] (0.9801204908447682)
[55, 106, 127] (0.9801204908447682)
[55, 109] (0.9911038086356706)
[55, 109, 127] (0.9897419956481194)
[55, 127] (0.9910445993753423)
[75] (0.9953816776943915)
[75, 88] (0.9860710215077638)
[75, 88, 91] (0.9860710215077638)
[75, 88, 91, 109] (0.9847684177805409)
[75, 88, 91, 109, 127] (0.9834066047929896)
[75, 88, 91, 127] (0.9847092085202126)
[75, 88, 109] (0.9847684177805409)
[75, 88, 109, 127] (0.9834066047929896)
[75, 88, 127] (0.9847092085202126)
[75, 91] (0.9941382832274968)
[75, 91, 106] (0.9832141746969226)
[75, 91, 106, 109] (0.9832141746969226)
[75, 91, 106, 109, 127] (0.9818523617093713)
[75, 91, 106, 127] (0.9818523617093713)
[75, 91, 109] (0.9928356795002738)
[75, 91, 109, 124] (0.9802981186257531)
[75, 91, 109, 124, 127] (0.9802981186257531)
[75, 91, 109, 127] (0.9914738665127226)
[75, 91, 124] (0.981600722352976)
[75, 91, 124, 127] (0.981600722352976)
[75, 91, 127] (0.9927764702399455)
[75, 106] (0.9844575691638172)
[75, 106, 109] (0.9844575691638172)
[75, 106, 109, 127] (0.983095756176266)
[75, 106, 127] (0.983095756176266)
[75, 109] (0.9940790739671684)
[75, 109, 124] (0.9815415130926477)
[75, 109, 124, 127] (0.9815415130926477)
[75, 109, 127] (0.9927172609796172)
[75, 124] (0.9828441168198706)
[75, 124, 127] (0.9828441168198706)
[75, 127] (0.9940198647068401)
[88] (0.9906893438133724)
[88, 91] (0.9906893438133724)
[88, 91, 109] (0.9893867400861495)
[88, 91, 109, 127] (0.9880249270985982)
[88, 91, 127] (0.9893275308258211)
[88, 109] (0.9893867400861495)
[88, 109, 127] (0.9880249270985982)
[88, 127] (0.9893275308258211)
[91] (0.9987566055331054)
[91, 106] (0.9878324970025312)
[91, 106, 109] (0.9878324970025312)
[91, 106, 109, 127] (0.98647068401498)
[91, 106, 127] (0.98647068401498)
[91, 109] (0.9974540018058824)
[91, 109, 124] (0.9849164409313617)
[91, 109, 124, 127] (0.9849164409313617)
[91, 109, 127] (0.9960921888183312)
[91, 124] (0.9862190446585846)
[91, 124, 127] (0.9862190446585846)
[91, 127] (0.9973947925455541)
[106] (0.9890758914694259)
[106, 109] (0.9890758914694259)
[106, 109, 127] (0.9877140784818745)
[106, 127] (0.9877140784818745)
[109] (0.9986973962727771)
[109, 124] (0.9861598353982562)
[109, 124, 127] (0.9861598353982562)
[109, 127] (0.9973355832852258)
[124] (0.9874624391254793)
[124, 127] (0.9874624391254793)
[127] (0.9986381870124488)
