[170] (0.9903356033111773)
[170, 180] (0.9769807935407576)
[170, 180, 184] (0.9769807935407576)
[170, 180, 184, 4438] (0.9749011132406312)
[170, 180, 4438] (0.9749011132406312)
[170, 184] (0.9769807935407576)
[170, 184, 4438] (0.9749011132406312)
[170, 4428] (0.9730049341434571)
[170, 4428, 4438] (0.9709252538433307)
[170, 4438] (0.9882559230110508)
[170, 4438, 7062] (0.9798352566977939)
[170, 7062] (0.9818537699302695)
[180] (0.9839334502303959)
[180, 184] (0.9839334502303959)
[180, 184, 4438] (0.9818537699302695)
[180, 184, 4438, 7062] (0.9734534926395628)
[180, 184, 7062] (0.9754720058720385)
[180, 4438] (0.9818537699302695)
[180, 4438, 7062] (0.9734534926395628)
[180, 7062] (0.9754720058720385)
[184] (0.9839334502303959)
[184, 4438] (0.9818537699302695)
[184, 4438, 7062] (0.9734534926395628)
[184, 7062] (0.9754720058720385)
[4426] (0.9740243852709701)
[4426, 4438] (0.9719447049708437)
[4428] (0.9826081637646291)
[4428, 4438] (0.9805284834645027)
[4428, 4438, 7062] (0.9722301512865473)
[4428, 7062] (0.9742486645190229)
[4432] (0.9737593279778167)
[4432, 4438] (0.9718631488806426)
[4434] (0.9759409533906944)
[4434, 4438] (0.9742078864739224)
[4438] (0.9979203196998736)
[4438, 7062] (0.9894588753415161)
[4940] (0.9713330342943359)
[7062] (0.9914773885739918)
