[170] (0.9903356033111773)
[170, 180] (0.9769807935407576)
[170, 180, 184] (0.9769807935407576)
[170, 180, 184, 4426] (0.951412959262733)
[170, 180, 184, 4428] (0.9597724585083391)
[170, 180, 184, 4428, 4438] (0.9576927782082127)
[170, 180, 184, 4428, 7062] (0.9514741263303838)
[170, 180, 184, 4432] (0.950862455653876)
[170, 180, 184, 4434] (0.9530848591118541)
[170, 180, 184, 4434, 4438] (0.9513517921950821)
[170, 180, 184, 4438] (0.9749011132406312)
[170, 180, 184, 4438, 7062] (0.9665008359499245)
[170, 180, 184, 7062] (0.9685193491824002)
[170, 180, 4426] (0.951412959262733)
[170, 180, 4428] (0.9597724585083391)
[170, 180, 4428, 4438] (0.9576927782082127)
[170, 180, 4428, 7062] (0.9514741263303838)
[170, 180, 4432] (0.950862455653876)
[170, 180, 4434] (0.9530848591118541)
[170, 180, 4434, 4438] (0.9513517921950821)
[170, 180, 4438] (0.9749011132406312)
[170, 180, 4438, 7062] (0.9665008359499245)
[170, 180, 7062] (0.9685193491824002)
[170, 184] (0.9769807935407576)
[170, 184, 4426] (0.951412959262733)
[170, 184, 4428] (0.9597724585083391)
[170, 184, 4428, 4438] (0.9576927782082127)
[170, 184, 4428, 7062] (0.9514741263303838)
[170, 184, 4432] (0.950862455653876)
[170, 184, 4434] (0.9530848591118541)
[170, 184, 4434, 4438] (0.9513517921950821)
[170, 184, 4438] (0.9749011132406312)
[170, 184, 4438, 7062] (0.9665008359499245)
[170, 184, 7062] (0.9685193491824002)
[170, 4426] (0.9646046568527504)
[170, 4426, 4428] (0.9555315418178852)
[170, 4426, 4428, 4438] (0.9534518615177588)
[170, 4426, 4438] (0.962524976552624)
[170, 4426, 4438, 7062] (0.9542062553521184)
[170, 4426, 7062] (0.956224768584594)
[170, 4428] (0.9730049341434571)
[170, 4428, 4438] (0.9709252538433307)
[170, 4428, 4438, 7062] (0.9626676997104758)
[170, 4428, 7062] (0.9646862129429515)
[170, 4432] (0.964176487379195)
[170, 4432, 4438] (0.9622803082820209)
[170, 4432, 4438, 7062] (0.9544509236227215)
[170, 4432, 7062] (0.956306324674795)
[170, 4434] (0.9663988908371732)
[170, 4434, 4438] (0.9646658239204012)
[170, 4434, 4438, 7062] (0.95669371610325)
[170, 4434, 7062] (0.9583860049749215)
[170, 4438] (0.9882559230110508)
[170, 4438, 4940] (0.960159849936794)
[170, 4438, 4940, 7062] (0.9518411287362883)
[170, 4438, 7062] (0.9798352566977939)
[170, 4438, 7092] (0.9577131672307629)
[170, 4940] (0.9622191412143701)
[170, 4940, 7062] (0.953859641968764)
[170, 7062] (0.9818537699302695)
[170, 7062, 7092] (0.951494515352934)
[170, 7092] (0.9597520694857888)
[180] (0.9839334502303959)
[180, 184] (0.9839334502303959)
[180, 184, 4426] (0.9582432818170696)
[180, 184, 4426, 4438] (0.9561636015169432)
[180, 184, 4428] (0.9666843371528769)
[180, 184, 4428, 4438] (0.9646046568527504)
[180, 184, 4428, 4438, 7062] (0.9563674917424458)
[180, 184, 4428, 7062] (0.9583860049749215)
[180, 184, 4432] (0.9577743342984137)
[180, 184, 4432, 4438] (0.9558781552012396)
[180, 184, 4434] (0.9599559597112914)
[180, 184, 4434, 4438] (0.9582228927945194)
[180, 184, 4434, 4438, 7062] (0.9502711739999185)
[180, 184, 4434, 7062] (0.95196346287159)
[180, 184, 4438] (0.9818537699302695)
[180, 184, 4438, 4940] (0.9540431431717163)
[180, 184, 4438, 7062] (0.9734534926395628)
[180, 184, 4438, 7092] (0.952126575051992)
[180, 184, 4940] (0.9561024344492925)
[180, 184, 7062] (0.9754720058720385)
[180, 184, 7092] (0.954165477307018)
[180, 4426] (0.9582432818170696)
[180, 4426, 4438] (0.9561636015169432)
[180, 4428] (0.9666843371528769)
[180, 4428, 4438] (0.9646046568527504)
[180, 4428, 4438, 7062] (0.9563674917424458)
[180, 4428, 7062] (0.9583860049749215)
[180, 4432] (0.9577743342984137)
[180, 4432, 4438] (0.9558781552012396)
[180, 4434] (0.9599559597112914)
[180, 4434, 4438] (0.9582228927945194)
[180, 4434, 4438, 7062] (0.9502711739999185)
[180, 4434, 7062] (0.95196346287159)
[180, 4438] (0.9818537699302695)
[180, 4438, 4940] (0.9540431431717163)
[180, 4438, 7062] (0.9734534926395628)
[180, 4438, 7092] (0.952126575051992)
[180, 4940] (0.9561024344492925)
[180, 7062] (0.9754720058720385)
[180, 7092] (0.954165477307018)
[184] (0.9839334502303959)
[184, 4426] (0.9582432818170696)
[184, 4426, 4438] (0.9561636015169432)
[184, 4428] (0.9666843371528769)
[184, 4428, 4438] (0.9646046568527504)
[184, 4428, 4438, 7062] (0.9563674917424458)
[184, 4428, 7062] (0.9583860049749215)
[184, 4432] (0.9577743342984137)
[184, 4432, 4438] (0.9558781552012396)
[184, 4434] (0.9599559597112914)
[184, 4434, 4438] (0.9582228927945194)
[184, 4434, 4438, 7062] (0.9502711739999185)
[184, 4434, 7062] (0.95196346287159)
[184, 4438] (0.9818537699302695)
[184, 4438, 4940] (0.9540431431717163)
[184, 4438, 7062] (0.9734534926395628)
[184, 4438, 7092] (0.952126575051992)
[184, 4940] (0.9561024344492925)
[184, 7062] (0.9754720058720385)
[184, 7092] (0.954165477307018)
[188] (0.9573461648248583)
[188, 4438] (0.9552868735472821)
[4426] (0.9740243852709701)
[4426, 4428] (0.9649104921910043)
[4426, 4428, 4438] (0.9628308118908779)
[4426, 4428, 4438, 7062] (0.954573257758023)
[4426, 4428, 7062] (0.9565917709904987)
[4426, 4434] (0.9501692288871671)
[4426, 4438] (0.9719447049708437)
[4426, 4438, 7062] (0.9635852057252375)
[4426, 7062] (0.9656037189577131)
[4428] (0.9826081637646291)
[4428, 4432] (0.9586918403131753)
[4428, 4432, 4438] (0.9567956612160013)
[4428, 4432, 7062] (0.950862455653876)
[4428, 4434] (0.9592015658769318)
[4428, 4434, 4438] (0.9574684989601598)
[4428, 4434, 7062] (0.9512906251274313)
[4428, 4438] (0.9805284834645027)
[4428, 4438, 4940] (0.952513966480447)
[4428, 4438, 7062] (0.9722301512865473)
[4428, 4438, 7092] (0.9500876727969662)
[4428, 4940] (0.954573257758023)
[4428, 7062] (0.9742486645190229)
[4428, 7092] (0.952126575051992)
[4432] (0.9737593279778167)
[4432, 4434] (0.9560004893365412)
[4432, 4434, 4438] (0.9542878114423194)
[4432, 4438] (0.9718631488806426)
[4432, 4438, 7062] (0.9639929861762427)
[4432, 7062] (0.9658483872283162)
[4434] (0.9759409533906944)
[4434, 4438] (0.9742078864739224)
[4434, 4438, 7062] (0.9661950006116706)
[4434, 7062] (0.9678872894833421)
[4436] (0.9593035109896831)
[4436, 4438] (0.9577743342984137)
[4436, 4438, 7062] (0.9500468947518655)
[4436, 7062] (0.9515556824205847)
[4438] (0.9979203196998736)
[4438, 4940] (0.9692737430167597)
[4438, 4940, 7062] (0.9609142437711536)
[4438, 7062] (0.9894588753415161)
[4438, 7062, 7092] (0.958732618358276)
[4438, 7092] (0.9669697834685805)
[4940] (0.9713330342943359)
[4940, 7062] (0.9629327570036292)
[7062] (0.9914773885739918)
[7062, 7092] (0.960710353545651)
[7092] (0.9690086857236064)
